0
262144
524288
786432
1048576
1310720
1572864
1835008
2097152
2359296
2621440
2883584
3145728
3407872
3670016
3932160
4194304
4456448
4718592
4980736
5242880
5505024
5767168
6029312
6291456
6553600
6815744
7077888
7340032
7602176
7864320
8126464
8388608
8650752
8912896
9175040
9437184
9699328
9961472
10223616
10485760
10747904
11010048
11272192
11534336
11796480
12058624
12320768
12582912
12845056
13107200
13369344
13631488
13893632
14155776
14417920
14680064
14942208
15204352
15466496
15728640
15990784
16252928
16515072
16777216
17039360
17301504
17563648
17825792
18087936
18350080
18612224
18874368
19136512
19398656
19660800
19922944
20185088
20447232
20709376
20971520
21233664
21495808
21757952
22020096
22282240
22544384
22806528
23068672
23330816
23592960
23855104
24117248
24379392
24641536
24903680
25165824
25427968
25690112
25952256
26214400
26476544
26738688
27000832
27262976
27525120
27787264
28049408
28311552
28573696
28835840
29097984
29360128
29622272
